﻿Date,Cases (confirmed plus probable),New cases,Confirmed cases,Probable Cases
9-Nov-20,"971,851","7,212","971,851",N/A
8-Nov-20,"964,639","7,682","964,639",N/A
7-Nov-20,"956,957","5,863","956,957",N/A
6-Nov-20,"951,094","6,518","951,094",N/A
5-Nov-20,"944,576","4,566","944,576",N/A
4-Nov-20,"940,010","5,338","940,010",N/A
3-Nov-20,"934,672","4,044","934,672",N/A
2-Nov-20,"930,628","4,094","930,628",N/A
1-Nov-20,"926,534","4,529","926,534",N/A
31-Oct-20,"922,005","5,087","922,005",N/A
30-Oct-20,"916,918","4,014","916,918",N/A
29-Oct-20,"912,904","4,191","912,904",N/A
28-Oct-20,"908,713","4,515","908,713",N/A
27-Oct-20,"904,198","3,188","904,198",N/A
26-Oct-20,"901,010","2,981","901,010",N/A
25-Oct-20,"898,029","5,219","898,029",N/A
24-Oct-20,"892,810","5,945","892,810",N/A
23-Oct-20,"886,865","6,141","886,865",N/A
22-Oct-20,"880,724","2,940","880,724",N/A
21-Oct-20,"877,784","3,707","877,784",N/A
20-Oct-20,"874,077","3,286","874,077",N/A
19-Oct-20,"870,791","3,474","870,791",N/A
18-Oct-20,"867,317","2,862","867,317",N/A
17-Oct-20,"864,455","2,979","864,455",N/A
16-Oct-20,"861,476","3,075","861,476",N/A
15-Oct-20,"858,401","3,329","858,401",N/A
14-Oct-20,"855,072","2,666","855,072",N/A
13-Oct-20,"852,406","2,378","852,406",N/A
12-Oct-20,"850,028","3,449","850,028",N/A
11-Oct-20,"846,579","3,803","846,579",N/A
10-Oct-20,"842,776","4,170","842,776",N/A
9-Oct-20,"838,606","3,806","838,606",N/A
8-Oct-20,"834,800","3,575","834,800",N/A
7-Oct-20,"831,225","2,764","831,225",N/A
6-Oct-20,"828,461","1,677","828,461",N/A
5-Oct-20,"826,784","3,055","826,784",N/A
4-Oct-20,"823,729","4,293","823,729",N/A
3-Oct-20,"819,436","2,159","819,436",N/A
2-Oct-20,"817,277","3,590","817,277",N/A
1-Oct-20,"813,687","3,062","813,687",N/A
30-Sep-20,"810,625","3,200","810,625",N/A
29-Sep-20,"807,425","2,162","807,425",N/A
28-Sep-20,"805,263","2,955","805,263",N/A
27-Sep-20,"802,308","4,071","802,308",N/A
26-Sep-20,"798,237","4,197","798,237",N/A
25-Sep-20,"794,040","3,400","794,040",N/A
24-Sep-20,"790,640","3,170","790,640",N/A
23-Sep-20,"787,470","3,146","787,470",N/A
22-Sep-20,"784,324","2,630","784,324",N/A
21-Sep-20,"781,694","3,294","781,694",N/A
20-Sep-20,"778,400","4,265","778,400",N/A
19-Sep-20,"774,135","4,304","774,135",N/A
18-Sep-20,"769,831","3,630","769,831",N/A
17-Sep-20,"766,201","3,238","766,201",N/A
16-Sep-20,"762,963","2,950","762,963",N/A
15-Sep-20,"760,013","2,235","760,013",N/A
14-Sep-20,"757,778","2,855","757,778",N/A
13-Sep-20,"754,923","4,625","754,923",N/A
12-Sep-20,"750,298","4,107","750,298",N/A
11-Sep-20,"746,191","3,326","746,191",N/A
10-Sep-20,"742,865","3,338","742,865",N/A
9-Sep-20,"739,527","1,616","739,527",N/A
8-Sep-20,"737,911","2,676","737,911",N/A
7-Sep-20,"735,235","3,091","735,235",N/A
6-Sep-20,"732,144","4,905","732,144",N/A
5-Sep-20,"727,239","4,956","727,239",N/A
4-Sep-20,"722,283","5,106","722,283",N/A
3-Sep-20,"717,177","5,125","717,177",N/A
2-Sep-20,"712,052","4,255","712,052",N/A
1-Sep-20,"707,797","3,712","707,797",N/A
31-Aug-20,"704,085","4,176","704,085",N/A
30-Aug-20,"699,909","6,070","699,909",N/A
29-Aug-20,"693,839","4,981","693,839",N/A
28-Aug-20,"688,858","5,329","688,858",N/A
27-Aug-20,"683,529","4,430","683,529",N/A
26-Aug-20,"679,099","6,004","679,099",N/A
25-Aug-20,"673,095","4,480","673,095",N/A
24-Aug-20,"668,615","4,946","668,615",N/A
23-Aug-20,"663,669","6,777","663,669",N/A
22-Aug-20,"656,892","6,556","656,892",N/A
21-Aug-20,"650,336","5,585","650,336",N/A
20-Aug-20,"644,751","5,920","644,751",N/A
19-Aug-20,"638,831","6,164","638,831",N/A
18-Aug-20,"632,667","4,636","632,667",N/A
17-Aug-20,"628,031","6,469","628,031",N/A
16-Aug-20,"621,562","7,873","621,562",N/A
15-Aug-20,"613,689","12,614","613,689",N/A
14-Aug-20,"601,075","7,934","601,075",N/A
13-Aug-20,"593,141","7,085","593,141",N/A
12-Aug-20,"586,056","11,645","586,056",N/A
11-Aug-20,"574,411","12,500","574,411",N/A
10-Aug-20,"561,911","7,751","561,911",N/A
9-Aug-20,"554,160","8,373","554,160",N/A
8-Aug-20,"545,787","7,371","545,787",N/A
7-Aug-20,"538,416","8,436","538,416",N/A
6-Aug-20,"529,980","5,258","529,980",N/A
5-Aug-20,"524,722","5,295","524,722",N/A
4-Aug-20,"519,427","4,526","519,427",N/A
3-Aug-20,"514,901","5,739","514,901",N/A
2-Aug-20,"509,162","9,032","509,162",N/A
1-Aug-20,"500,130","6,542","500,130",N/A
31-Jul-20,"493,588","8,086","493,588",N/A
30-Jul-20,"485,502","10,197","485,502",N/A
29-Jul-20,"475,305","8,755","475,305",N/A
28-Jul-20,"466,550","6,000","466,550",N/A
27-Jul-20,"460,550","6,891","460,550",N/A
26-Jul-20,"453,659","8,259","453,659",N/A
25-Jul-20,"445,400","10,066","445,400",N/A
24-Jul-20,"435,334","9,718","435,334",N/A
23-Jul-20,"425,616","12,040","425,616",N/A
22-Jul-20,"413,576","12,807","413,576",N/A
21-Jul-20,"400,769","9,231","400,769",N/A
20-Jul-20,"391,538","6,846","391,538",N/A
19-Jul-20,"384,692","9,329","384,692",N/A
18-Jul-20,"375,363","9,199","375,363",N/A
17-Jul-20,"366,164","9,986","366,164",N/A
16-Jul-20,"356,178","8,544","356,178",N/A
15-Jul-20,"347,634","11,126","347,634",N/A
14-Jul-20,"336,508","7,346","336,508",N/A
13-Jul-20,"329,162","8,358","329,162",N/A
12-Jul-20,"320,804","8,460","320,804",N/A
11-Jul-20,"312,344","8,047","312,344",N/A
10-Jul-20,"304,297","7,798","304,297",N/A
9-Jul-20,"296,499","7,031","296,499",N/A
8-Jul-20,"289,468","11,694","289,468",N/A
7-Jul-20,"277,774","6,090","277,774",N/A
6-Jul-20,"271,684","5,699","271,684",N/A
5-Jul-20,"265,985","8,597","265,985",N/A
4-Jul-20,"257,388","9,153","257,388",N/A
3-Jul-20,"248,235","5,688","248,235",N/A
2-Jul-20,"242,547","6,408","242,547",N/A
1-Jul-20,"236,139","7,407","236,139",N/A
30-Jun-20,"228,732","9,480","228,732",N/A
29-Jun-20,"219,252","8,009","219,252",N/A
28-Jun-20,"211,243","4,810","211,243",N/A
27-Jun-20,"206,433","5,972","206,433",N/A
26-Jun-20,"200,461","4,890","200,461",N/A
25-Jun-20,"195,571","5,349","195,571",N/A
24-Jun-20,"190,222","7,149","190,222",N/A
23-Jun-20,"183,073","5,019","183,073",N/A
22-Jun-20,"178,054","4,230","178,054",N/A
21-Jun-20,"173,824","4,515","173,824",N/A
20-Jun-20,"169,309","3,893","169,309",N/A
19-Jun-20,"165,416","4,317","165,416",N/A
18-Jun-20,"161,099","4,084","161,099",N/A
17-Jun-20,"157,015","3,455","157,015",N/A
16-Jun-20,"153,560","2,108","153,560",N/A
15-Jun-20,"151,452","2,597","151,452",N/A
14-Jun-20,"148,855","3,212","148,855",N/A
13-Jun-20,"145,643","3,660","145,643",N/A
12-Jun-20,"141,983","2,702","141,983",N/A
11-Jun-20,"139,281","3,090","139,281",N/A
10-Jun-20,"136,191","2,702","136,191",N/A
9-Jun-20,"133,489","2,170","133,489",N/A
8-Jun-20,"131,319","2,507","131,319",N/A
7-Jun-20,"128,812","2,796","128,812",N/A
6-Jun-20,"126,016","3,115","126,016",N/A
5-Jun-20,"122,901","3,094","122,901",N/A
4-Jun-20,"119,807","2,120","119,807",N/A
3-Jun-20,"117,687","2,377","117,687",N/A
2-Jun-20,"115,310","2,304","115,310",N/A
1-Jun-20,"113,006","2,423","113,006",N/A
31-May-20,"110,583","3,705","110,583",N/A
30-May-20,"106,878","2,992","106,878",N/A
29-May-20,"103,886","2,189","103,886",N/A
28-May-20,"101,697","2,717","101,697",N/A
27-May-20,"98,980","2,247","98,980",N/A
26-May-20,"96,733","2,175","96,733",N/A
25-May-20,"94,558","1,848","94,558",N/A
24-May-20,"92,710","2,079","92,710",N/A
23-May-20,"90,631","2,187","90,631",N/A
22-May-20,"88,444","2,247","88,444",N/A
21-May-20,"86,197","2,140","86,197",N/A
20-May-20,"84,057","2,262","84,057",N/A
19-May-20,"81,795","1,365","81,795",N/A
18-May-20,"80,430","1,591","80,430",N/A
17-May-20,"78,839","2,046","78,839",N/A
16-May-20,"76,793","1,857","76,793",N/A
15-May-20,"74,936","1,772","74,936",N/A
14-May-20,"73,164","2,023","73,164",N/A
13-May-20,"71,141","1,759","71,141",N/A
12-May-20,"69,382","1,443","69,382",N/A
11-May-20,"67,939","1,259","67,939",N/A
10-May-20,"66,680","2,119","66,680",N/A
9-May-20,"64,561","2,049","64,561",N/A
8-May-20,"62,512","1,898","62,512",N/A
7-May-20,"60,614","1,799","60,614",N/A
6-May-20,"58,815","2,603","58,815",N/A
5-May-20,"56,212","1,275","56,212",N/A
4-May-20,"54,937","1,321","54,937",N/A
3-May-20,"53,616","1,419","53,616",N/A
2-May-20,"52,197","1,755","52,197",N/A
1-May-20,"50,442","1,525","50,442",N/A
30-Apr-20,"48,917","2,417","48,917",N/A
29-Apr-20,"46,500","1,469","46,500",N/A
28-Apr-20,"45,031","1,567",N/A,N/A
27-Apr-20,"43,464","1,300",N/A,N/A
26-Apr-20,"42,164","1,027",N/A,N/A
25-Apr-20,"41,137","1,883",N/A,N/A
24-Apr-20,"39,254","1,885",N/A,N/A
23-Apr-20,"37,369","1,973",N/A,N/A
22-Apr-20,"35,396","2,135",N/A,N/A
21-Apr-20,"33,261","2,283",N/A,N/A
20-Apr-20,"30,978",645,N/A,N/A
19-Apr-20,"30,333","1,370",N/A,N/A
18-Apr-20,"28,963","1,435",N/A,N/A
17-Apr-20,"27,528","1,346",N/A,N/A
16-Apr-20,"26,182","1,758",N/A,N/A
15-Apr-20,"24,424","1,086",N/A,N/A
14-Apr-20,"23,338",990,N/A,N/A
13-Apr-20,"22,348",554,N/A,N/A
12-Apr-20,"21,794","1,179",N/A,N/A
11-Apr-20,"20,615","1,143",N/A,N/A
10-Apr-20,"19,472","1,163",N/A,N/A
9-Apr-20,"18,309","1,352",N/A,N/A
8-Apr-20,"16,957","1,092",N/A,N/A
7-Apr-20,"15,865","1,529",N/A,N/A
6-Apr-20,"14,336",898,N/A,N/A
5-Apr-20,"13,438","1,412",N/A,N/A
4-Apr-20,"12,026","1,325",N/A,N/A
3-Apr-20,"10,701","1,510",N/A,N/A
2-Apr-20,"9,191","1,036",N/A,N/A
1-Apr-20,"8,155",673,N/A,N/A
31-Mar-20,"7,482","1,035",N/A,N/A
30-Mar-20,"6,447",739,N/A,N/A
29-Mar-20,"5,708","1,065",N/A,N/A
28-Mar-20,"4,643",764,N/A,N/A
27-Mar-20,"3,879",873,N/A,N/A
26-Mar-20,"3,006",651,N/A,N/A
25-Mar-20,"2,355",253,N/A,N/A
24-Mar-20,"2,102",369,N/A,N/A
23-Mar-20,"1,733",197,N/A,N/A
22-Mar-20,"1,536",257,N/A,N/A
21-Mar-20,"1,279",216,N/A,N/A
20-Mar-20,"1,063",139,N/A,N/A
19-Mar-20,924,313,N/A,N/A
18-Mar-20,611,128,N/A,N/A
17-Mar-20,483,148,N/A,N/A
16-Mar-20,335,42,N/A,N/A
15-Mar-20,293,41,N/A,N/A
14-Mar-20,252,50,N/A,N/A
13-Mar-20,202,0,N/A,N/A
12-Mar-20,202,45,N/A,N/A
11-Mar-20,157,24,N/A,N/A
10-Mar-20,133,19,N/A,N/A
9-Mar-20,114,26,N/A,N/A
8-Mar-20,88,19,N/A,N/A
7-Mar-20,69,9,N/A,N/A
6-Mar-20,60,7,N/A,N/A
5-Mar-20,53,0,N/A,N/A
4-Mar-20,53,0,N/A,N/A