﻿Date,Cases (confirmed plus probable),New cases,Confirmed cases,Probable Cases
9-Nov-20,"51,155",707,"48,564","2,591"
8-Nov-20,"50,448",861,"46,120","2,488"
7-Nov-20,"49,587",979,"46,120","2,488"
6-Nov-20,"48,608",769,"46,120","2,488"
5-Nov-20,"47,839",790,"45,380","2,459"
4-Nov-20,"47,049",589,"44,626","2,423"
3-Nov-20,"46,460",482,"44,077","2,383"
2-Nov-20,"45,978",549,"43,633","2,345"
1-Nov-20,"45,429",508,"42,136","2,253"
31-Oct-20,"44,921",532,"42,136","2,253"
30-Oct-20,"44,389",596,"42,136","2,253"
29-Oct-20,"43,793",565,"41,565","2,228"
28-Oct-20,"43,228",420,"41,033","2,195"
27-Oct-20,"42,808",372,"40,638","2,170"
26-Oct-20,"42,436",335,"40,280","2,156"
25-Oct-20,"42,101",362,"39,261","2,087"
24-Oct-20,"41,739",391,"39,261","2,087"
23-Oct-20,"41,348",538,"39,261","2,087"
22-Oct-20,"40,810",367,"38,741","2,069"
21-Oct-20,"40,443",307,"38,406","2,037"
20-Oct-20,"40,136",342,"38,118","2,018"
19-Oct-20,"39,794",262,"37,781","2,013"
18-Oct-20,"39,532",216,"36,971","1,964"
17-Oct-20,"39,316",381,"36,971","1,964"
16-Oct-20,"38,935",410,"36,971","1,964"
15-Oct-20,"38,525",365,"36,585","1,940"
14-Oct-20,"38,160",380,"36,242","1,918"
13-Oct-20,"37,780",313,"35,878","1,902"
12-Oct-20,"37,467",205,"35,581","1,886"
11-Oct-20,"37,262",327,"34,685","1,841"
10-Oct-20,"36,935",409,"34,685","1,841"
9-Oct-20,"36,526",410,"34,685","1,841"
8-Oct-20,"36,116",482,"34,300","1,816"
7-Oct-20,"35,634",294,"33,843","1,791"
6-Oct-20,"35,340",291,"33,575","1,765"
5-Oct-20,"35,049",279,"33,329","1,720"
4-Oct-20,"34,770",259,"32,486","1,677"
3-Oct-20,"34,511",348,"32,486","1,677"
2-Oct-20,"34,163",301,"32,486","1,677"
1-Oct-20,"33,862",353,"32,201","1,661"
30-Sep-20,"33,509",218,"31,871","1,638"
29-Sep-20,"33,291",297,"31,678","1,613"
28-Sep-20,"32,994",174,"31,390","1,604"
27-Sep-20,"32,820",239,"30,742","1,572"
26-Sep-20,"32,581",267,"30,742","1,572"
25-Sep-20,"32,314",449,"30,742","1,572"
24-Sep-20,"31,865",362,"30,316","1,549"
23-Sep-20,"31,503",190,"29,948","1,555"
22-Sep-20,"31,313",318,"29,780","1,533"
21-Sep-20,"30,995",194,"29,481","1,514"
20-Sep-20,"30,801",202,"28,871","1,471"
19-Sep-20,"30,599",257,"28,871","1,471"
18-Sep-20,"30,342",492,"28,871","1,471"
17-Sep-20,"29,850",0,"28,590","1,260"
16-Sep-20,"29,850",188,"28,399","1,451"
15-Sep-20,"29,662",178,"28,223","1,439"
14-Sep-20,"29,484",147,"28,051","1,433"
13-Sep-20,"29,337",181,"27,460","1,405"
12-Sep-20,"29,156",291,"27,460","1,405"
11-Sep-20,"28,865",211,"27,460","1,405"
10-Sep-20,"28,654",183,"27,257","1,397"
9-Sep-20,"28,471",116,"27,094","1,377"
8-Sep-20,"28,355",165,"26,988","1,367"
7-Sep-20,"28,190",146,"26,268","1,333"
6-Sep-20,"28,044",188,"26,268","1,333"
5-Sep-20,"27,856",255,"26,268","1,333"
4-Sep-20,"27,601",265,"26,268","1,333"
3-Sep-20,"27,336",261,"26,015","1,321"
2-Sep-20,"27,075",129,"25,765","1,310"
1-Sep-20,"26,946",233,"25,639","1,307"
31-Aug-20,"26,713",159,"25,403","1,310"
30-Aug-20,"26,554",261,"24,776","1,278"
29-Aug-20,"26,293",239,"24,776","1,278"
28-Aug-20,"26,054",293,"24,776","1,278"
27-Aug-20,"25,761",190,"24,482","1,279"
26-Aug-20,"25,571",180,"24,289","1,282"
25-Aug-20,"25,391",236,"24,085","1,306"
24-Aug-20,"25,155",218,"23,859","1,296"
23-Aug-20,"24,937",227,"23,156","1,265"
22-Aug-20,"24,710",289,"23,156","1,265"
21-Aug-20,"24,421",256,"23,156","1,265"
20-Aug-20,"24,165",295,"22,917","1,248"
19-Aug-20,"23,870",194,"22,629","1,241"
18-Aug-20,"23,676",225,"22,452","1,224"
17-Aug-20,"23,451",189,"22,234","1,217"
16-Aug-20,"23,262",244,"21,441","1,172"
15-Aug-20,"23,018",405,"21,441","1,172"
14-Aug-20,"22,613",313,"21,441","1,172"
13-Aug-20,"22,300",278,"21,141","1,159"
12-Aug-20,"22,022",248,"20,875","1,147"
11-Aug-20,"21,774",286,"20,643","1,131"
10-Aug-20,"21,488",216,"20,385","1,103"
9-Aug-20,"21,272",262,"19,562","1,074"
8-Aug-20,"21,010",374,"19,562","1,074"
7-Aug-20,"20,636",411,"19,562","1,074"
6-Aug-20,"20,225",246,"19,162","1,063"
5-Aug-20,"19,979",280,"18,936","1,043"
4-Aug-20,"19,699",333,"18,654","1,045"
3-Aug-20,"19,366",269,"18,355","1,011"
2-Aug-20,"19,097",280,"17,540",952
1-Aug-20,"18,817",325,"17,540",952
31-Jul-20,"18,492",361,"17,540",952
30-Jul-20,"18,131",410,"17,197",934
29-Jul-20,"17,721",305,"16,815",906
28-Jul-20,"17,416",328,"16,546",870
27-Jul-20,"17,088",330,"16,240",848
26-Jul-20,"16,758",266,"15,273",831
25-Jul-20,"16,492",388,"15,273",831
24-Jul-20,"16,104",391,"15,273",831
23-Jul-20,"15,713",320,"14,900",813
22-Jul-20,"15,393",254,"14,586",807
21-Jul-20,"15,139",292,"14,355",784
20-Jul-20,"14,847",268,"14,085",762
19-Jul-20,"14,579",430,"13,085",717
18-Jul-20,"14,149",347,"13,085",717
17-Jul-20,"13,802",293,"13,085",717
16-Jul-20,"13,509",428,"12,807",702
15-Jul-20,"13,081",276,"12,406",675
14-Jul-20,"12,805",367,"12,151",654
13-Jul-20,"12,438",268,"11,795",643
12-Jul-20,"12,170",319,"10,881",573
11-Jul-20,"11,851",397,"10,881",573
10-Jul-20,"11,454",266,"10,881",573
9-Jul-20,"11,188",371,"10,632",556
8-Jul-20,"10,817",212,"10,277",540
7-Jul-20,"10,605",210,"10,086",519
6-Jul-20,"10,395",165,"9,902",493
5-Jul-20,"10,230",300,"8,877",417
4-Jul-20,"9,930",294,"8,877",417
3-Jul-20,"9,636",342,"8,877",417
2-Jul-20,"9,294",363,"8,877",417
1-Jul-20,"8,931",275,"8,525",406
30-Jun-20,"8,656",171,"8,265",391
29-Jun-20,"8,485",144,"8,121",364
28-Jun-20,"8,341",247,"7,521",297
27-Jun-20,"8,094",276,"7,521",297
26-Jun-20,"7,818",250,"7,521",297
25-Jun-20,"7,568",124,"7,294",274
24-Jun-20,"7,444",170,"7,185",259
23-Jun-20,"7,274",191,"7,018",256
22-Jun-20,"7,083",146,"6,836",247
21-Jun-20,"6,937",187,"6,344",228
20-Jun-20,"6,750",178,"6,344",228
19-Jun-20,"6,572",206,"6,344",228
18-Jun-20,"6,366",148,"6,140",226
17-Jun-20,"6,218",120,"6,007",211
16-Jun-20,"6,098",278,"5,897",201
15-Jun-20,"5,820",184,"5,625",195
14-Jun-20,"5,636",101,"5,207",170
13-Jun-20,"5,535",158,"5,207",170
12-Jun-20,"5,377",140,"5,207",170
11-Jun-20,"5,237",177,"5,076",161
10-Jun-20,"5,060",72,"4,907",153
9-Jun-20,"4,988",66,"4,841",147
8-Jun-20,"4,922",114,"4,775",147
7-Jun-20,"4,808",146,"4,442",128
6-Jun-20,"4,662",92,"4,442",128
5-Jun-20,"4,570",96,"4,442",128
4-Jun-20,"4,474",75,"4,350",124
3-Jun-20,"4,399",64,"4,280",119
2-Jun-20,"4,335",33,"4,220",115
1-Jun-20,"4,302",59,"4,192",110
31-May-20,"4,243",58,"4,135",108
30-May-20,"4,185",54,"4,083",102
29-May-20,"4,131",45,"4,029",102
28-May-20,"4,086",48,"3,994",92
27-May-20,"4,038",71,"3,947",91
26-May-20,"3,967",18,"3,879",88
25-May-20,"3,949",22,"3,861",88
24-May-20,"3,927",39,"3,842",85
23-May-20,"3,888",24,"3,779",109
22-May-20,"3,864",47,"3,770",94
21-May-20,"3,817",16,"3,725",92
20-May-20,"3,801",75,"3,701",100
19-May-20,"3,726",39,"3,636",90
18-May-20,"3,687",64,"3,604",83
17-May-20,"3,623",11,"3,542",81
16-May-20,"3,612",71,"3,534",78
15-May-20,"3,541",62,"3,470",71
14-May-20,"3,479",63,"3,407",72
13-May-20,"3,416",130,"3,338",78
12-May-20,"3,286",0,"3,222",64
11-May-20,"3,286",58,"3,222",64
10-May-20,"3,228",68,"3,171",57
9-May-20,"3,160",92,"3,111",49
8-May-20,"3,068",79,"3,032",36
7-May-20,"2,989",73,"2,957",32
6-May-20,"2,916",77,"2,887",29
5-May-20,"2,839",80,"2,817",22
4-May-20,"2,759",79,"2,745",14
3-May-20,"2,680",45,N/A,N/A
2-May-20,"2,635",56,N/A,N/A
1-May-20,"2,579",69,N/A,N/A
30-Apr-20,"2,510",64,N/A,N/A
29-Apr-20,"2,446",92,N/A,N/A
28-Apr-20,"2,354",0,N/A,N/A
27-Apr-20,"2,354",43,N/A,N/A
26-Apr-20,"2,311",58,N/A,N/A
25-Apr-20,"2,253",76,N/A,N/A
24-Apr-20,"2,177",50,N/A,N/A
23-Apr-20,"2,127",68,N/A,N/A
22-Apr-20,"2,059",57,N/A,N/A
21-Apr-20,"2,002",46,N/A,N/A
20-Apr-20,"1,956",46,N/A,N/A
19-Apr-20,"1,910",66,N/A,N/A
18-Apr-20,"1,844",59,N/A,N/A
17-Apr-20,"1,785",49,N/A,N/A
16-Apr-20,"1,736",73,N/A,N/A
15-Apr-20,"1,663",30,N/A,N/A
14-Apr-20,"1,633",49,N/A,N/A
13-Apr-20,"1,584",57,N/A,N/A
12-Apr-20,"1,527",156,N/A,N/A
11-Apr-20,"1,371",50,N/A,N/A
10-Apr-20,"1,321",0,N/A,N/A
9-Apr-20,"1,321",82,N/A,N/A
8-Apr-20,"1,239",58,N/A,N/A
7-Apr-20,"1,181",49,N/A,N/A
6-Apr-20,"1,132",64,N/A,N/A
5-Apr-20,"1,068",69,N/A,N/A
4-Apr-20,999,100,N/A,N/A
3-Apr-20,899,73,N/A,N/A
2-Apr-20,826,90,N/A,N/A
1-Apr-20,736,46,N/A,N/A
31-Mar-20,690,84,N/A,N/A
30-Mar-20,606,58,N/A,N/A
29-Mar-20,548,69,N/A,N/A
28-Mar-20,479,65,N/A,N/A
27-Mar-20,414,87,N/A,N/A
26-Mar-20,327,118,N/A,N/A
25-Mar-20,209,0,N/A,N/A
24-Mar-20,209,18,N/A,N/A
23-Mar-20,191,30,N/A,N/A
22-Mar-20,161,47,N/A,N/A
21-Mar-20,114,0,N/A,N/A
20-Mar-20,114,26,N/A,N/A
19-Mar-20,88,13,N/A,N/A
18-Mar-20,75,28,N/A,N/A
17-Mar-20,47,8,N/A,N/A
16-Mar-20,39,3,N/A,N/A
15-Mar-20,36,6,N/A,N/A
14-Mar-20,30,0,N/A,N/A
13-Mar-20,30,11,N/A,N/A
12-Mar-20,19,0,N/A,N/A
11-Mar-20,19,4,N/A,N/A
10-Mar-20,15,1,N/A,N/A
9-Mar-20,14,0,N/A,N/A
8-Mar-20,14,7,N/A,N/A
7-Mar-20,7,4,N/A,N/A
6-Mar-20,3,0,N/A,N/A
5-Mar-20,3,0,N/A,N/A
4-Mar-20,3,0,N/A,N/A